0.2918076515197754
0.33958864212036133
0.3197755813598633
0.32567477226257324
0.3585834503173828
0.27834248542785645
0.38003969192504883
0.30178403854370117
0.3186500072479248
0.34835052490234375
0.2890028953552246
0.2797586917877197
0.5067436695098877
0.4236278533935547
0.24800825119018555
0.2908468246459961
0.34499168395996094
0.29585933685302734
0.17914199829101562
0.36994338035583496
0.31902456283569336
0.30219364166259766
0.24518084526062012
0.3058347702026367
0.27190518379211426
0.3227226734161377
2.089547872543335
0.30417299270629883
